Year,PV,PMT,Interest,FV
1,50000,60000,3500,-113500
2,113500,60000,7945,-181445
3,181445,60000,12701,-254146
4,254146,60000,17790,-331936
5,331936,60000,23236,-415172
6,415172,60000,29062,-504234
7,504234,60000,35296,-599530
8,599530,60000,41967,-701497
9,701497,60000,49105,-810602
10,810602,60000,56742,-927344
11,927344,60000,64914,-1052259
12,1052259,60000,73658,-1185917
13,1185917,60000,83014,-1328931
14,1328931,60000,93025,-1481956
15,1481956,60000,103737,-1645693
16,1645693,60000,115199,-1820891
17,1820891,60000,127462,-2008354
18,2008354,60000,140585,-2208939
19,2208939,60000,154626,-2423564
20,2423564,60000,169649,-2653214
21,2653214,60000,185725,-2898939
22,2898939,60000,202926,-3161864
23,3161864,60000,221331,-3443195
24,3443195,60000,241024,-3744219
25,3744219,60000,262095,-4066314
26,4066314,60000,284642,-4410956
27,4410956,60000,308767,-4779723
28,4779723,60000,334581,-5174303
29,5174303,60000,362201,-5596505
30,5596505,60000,391755,-6048260
31,6048260,60000,423378,-6531638
